ID,predictions
871,5803.88
872,2680.35
873,11388.62
874,2333.6
875,2644.84
876,5073.48
877,5341.18
878,2358.57
879,2852.68
880,11908.16
881,9777.14
882,2487.52
883,5667.93
884,5519.77
885,5996.97
886,5644.75
887,6091.66
888,5772.87
889,4668.91
890,2683.29
891,5060.65
892,7914.67
893,7906.24
894,5521.43
895,10155.45
896,8403.21
897,7558.11
898,14830.54
899,5945.35
900,2657.21
901,2688.5
902,6063.09
903,6651.41
904,2698.17
905,15876.56
906,5434.37
907,9167.25
908,6086.74
909,2490.62
910,2501.9
911,19339.13
912,2720.03
913,2606.47
914,13101.22
915,5934.46
916,4565.18
917,2537.56
918,5531.65
919,2265.62
920,2659.37
921,2379.88
922,2402.61
923,4885.19
924,4637.95
925,18590.51
926,2743.58
927,5934.7
928,13795.42
929,2200.58
930,2632.83
931,6013.86
932,12137.64
933,8021.09
934,2522.72
935,2392.21
936,2473.14
937,8660.67
938,9009.02
939,5732.34
940,2401.84
941,2799.76
942,8150.78
943,10721.49
944,5779.46
945,2305.04
946,5911.9
947,2340.26
948,2599.26
949,2781.42
950,5905.53
951,2473.07
952,5762.21
953,5731.01
954,2566.84
955,4503.18
956,6300.64
957,10878.4
958,2598.16
959,8730.47
960,23162.95
961,2707.74
962,5288.76
963,6242.16
964,5250.36
965,2587.73
966,20201.24
967,2625.31
968,7978.35
969,17365.74
970,2633.49
971,5764.32
972,5956.43
973,2477.61
974,2512.19
975,5722.94
976,2647.57
977,6557.42
978,2629.68
979,8638.44
980,19016.67
981,2471.9
982,8318.06
983,2667.56
984,2460.89
985,5950.97
986,2757.21
987,2547.26
988,5682.95
989,9078.72
990,2555.63
991,5454.65
992,2648.15
993,5329.9
994,5733.88
995,5067.77
996,5697.43
997,2622.34
998,17754.82
999,8380.09
1000,2321.57
1001,5395.7
1002,4556.5
1003,5032.48
1004,6885.6
1005,2923.8
1006,5763.43
1007,2422.87
1008,6114.56
1009,19853.62
1010,4910.6
1011,8844.81
1012,5235.96
1013,6261.54
1014,4720.54
1015,5838.64
1016,2664.02
1017,2612.72
1018,7984.11
1019,8488.02
1020,2283.28
1021,5778.62
1022,5186.68
1023,5001.24
1024,8903.43
1025,16350.32
1026,16118.54
1027,5004.08
1028,5669.94
1029,5824.17
1030,8426.3
1031,5408.93
1032,2821.7
1033,11671.3
1034,2524.99
1035,4545.84
1036,2543.88
1037,5486.02
1038,7230.13
1039,11682.65
1040,6277.82
1041,2513.9
1042,2742.68
1043,8036.24
1044,6784.75
1045,2473.32
1046,2458.6
1047,5936.14
1048,12427.22
1049,2651.9
1050,5919.48
1051,10330.53
1052,2593.33
1053,6039.61
1054,2754.65
1055,2650.53
1056,2639.69
1057,5829.71
1058,15482.57
1059,5533.48
1060,2788.57
1061,5102.54
1062,6015.29
1063,6445.13
1064,2305.19
1065,5497.92
1066,2542.05
1067,3153.63
1068,21735.82
1069,5423.68
1070,2462.99
1071,2578.99
1072,6426.62
1073,2374.99
1074,5853.8
1075,5692.87
1076,17233.59
1077,20787.96
1078,4864.1
1079,4995.37
1080,5629.28
1081,2794.06
1082,2597.89
1083,2315.69
1084,6643.48
1085,7651.65
1086,8783.94
1087,5748.98
1088,2654.96
1089,2656.9
1090,5442.94
1091,5620.89
1092,5548.02
1093,12053.66
1094,5745.44
1095,5299.99
1096,6122.19
1097,3014.31
1098,2735.56
1099,2589.48
1100,5890.75
1101,18637.04
1102,5889.78
1103,5751.93
1104,10495.77
1105,2724.21
1106,2705.85
1107,2913.45
1108,5243.04
1109,5816.19
1110,5632.49
1111,5881.84
1112,11934.5
1113,13433.11
1114,6430.51
1115,9766.38
1116,2773.65
1117,6576.4
1118,4564.41
1119,9226.96
1120,2499.07
1121,8559.08
1122,15711.87
1123,4966.35
1124,15781.15
1125,2578.04
1126,2238.07
1127,2645.25
1128,4732.12
1129,15176.82
1130,2483.04
1131,12352.06
1132,16700.9
1133,5905.61
1134,2339.23
1135,2729.62
1136,2556.66
1137,2844.99
1138,5865.7
1139,8627.03
1140,14826.87
1141,5809.37
1142,5919.12
1143,10322.74
1144,5603.11
1145,5502.28
1146,5822.72
1147,4631.83
1148,2611.37
1149,2670.54
1150,6135
1151,2592.33
1152,5505.36
1153,5589.93
1154,2457.86
1155,6586.66
1156,10769.09
1157,2526.3
1158,4996.24
1159,2552.8
1160,5712.86
1161,2731.21
1162,7914.17
1163,2704.33
1164,8519.27
1165,2808.58
1166,2302.36
1167,8757.14
1168,5730.51
1169,2732.5
1170,2784.5
